"x"	"y"	"Tayloria_serrata"	"Thuidium_assimile"	"Tortella_pseudofragilis"	"ddeg0"	"mind68"	"srad68"	"slope25"	"topos25"
"1"	2575603.7104	1122200.7868	0	0	0	20550.810546875	500.641510009766	18444.234375	39.3023872375488	-185.990173339844
"2"	2575800.8675	1122501.846	0	0	1	19386.82421875	416.338806152344	21325.6328125	45.0119819641113	-39.113452911377
"3"	2576600.9441	1123898.3997	0	0	0	16513.19921875	209.396560668945	29218.697265625	20.9150714874268	-116.091361999512
"4"	2576974.4669	1123426.2708	0	0	0	16897.2890625	389.0068359375	24444.279296875	13.6598205566406	-131.079498291016
"5"	2577188.3401	1123302.4174	0	0	0	14250.2333984375	801.565856933594	16772.294921875	51.8396682739258	-53.6892242431641
"6"	2576497.1082	1123185.8567	0	0	0	16796.802734375	310.211456298828	26354.060546875	19.5204105377197	-81.5648345947266
"7"	2576073.8232	1122944.3345	0	0	0	19152.00390625	304.967468261719	24149.349609375	22.6830539703369	-130.927154541016
"8"	2579149.7452	1126813.5976	0	0	0	14451.8955078125	357.970581054688	29844.013671875	12.1208066940308	-125.691558837891
"9"	2579299.7442	1127000.0428	0	0	0	13278.111328125	421.558990478516	30199.7265625	21.9152584075928	-118.957817077637
"10"	2579493.3483	1127048.1838	0	0	0	12904.958984375	446.020446777344	30244.416015625	21.6916770935059	-113.582252502441
"11"	2579599.8725	1127302.4994	0	0	0	11573.4111328125	565.940551757812	29499.625	31.7979011535645	-51.0691680908203
"12"	2580699.1588	1127020.2586	0	0	0	11976.0771484375	525.207580566406	30058.130859375	22.7347068786621	-97.2302932739258
"13"	2580806.114	1127042.4684	0	0	0	11960.35546875	543.162902832031	29637.482421875	27.2832527160645	-126.709884643555
"14"	2580735.2118	1126895.3131	0	0	0	11976.0771484375	525.207580566406	30058.130859375	22.7347068786621	-97.2302932739258
"15"	2580599.3376	1126794.577	0	0	0	12805.9501953125	450.848846435547	30402.271484375	15.1847162246704	-87.8316345214844
"16"	2581000.1666	1126549.972	0	0	0	13056.72265625	475.576934814453	29194.755859375	12.6350917816162	-22.5235652923584
"17"	2581187.6283	1126615.6967	0	0	0	12899.384765625	468.441864013672	29797.6953125	14.0359745025635	-70.0420455932617
"18"	2580927.5688	1126330.8777	0	0	0	13313.513671875	463.386352539062	28861.869140625	11.6214122772217	-20.8256072998047
"19"	2580320.3861	1126279.9589	0	0	0	13266.3330078125	547.168640136719	26612.439453125	15.5075988769531	-29.6525802612305
"20"	2580380.367	1126279.5304	0	0	0	13266.3330078125	547.168640136719	26612.439453125	15.5075988769531	-29.6525802612305
"21"	2580600.1465	1126400.2661	0	0	0	13312.794921875	426.358764648438	29967.1640625	7.02793407440186	-70.81298828125
"22"	2580927.8202	1126009.7547	0	0	0	13932.30078125	401.344116210938	29290.087890625	29.0464324951172	4.44004106521606
"23"	2580602.1508	1125896.6998	0	0	0	13471.111328125	402.271850585938	29977.841796875	20.8472785949707	-0.880270421504974
"24"	2580384.4975	1126009.667	0	0	0	13140.15625	453.407562255859	29093.439453125	16.2752647399902	-3.77186369895935
"25"	2580200.4586	1125803.7894	1	0	0	12920.0625	504.574310302734	27901.78515625	12.4007902145386	-3.21846723556519
"26"	2580000.4961	1125598.5311	0	0	0	12920.0625	504.574310302734	27901.78515625	12.4007902145386	-3.21846723556519
"27"	2580292.0372	1125168.1028	0	0	0	13285.7138671875	554.009887695312	25703.51953125	18.9435234069824	-110.603660583496
"28"	2579980.0352	1125113.5502	1	0	0	12415.5439453125	531.012390136719	27669.04296875	18.5924701690674	30.6024188995361
"29"	2579874.5694	1125137.3439	0	0	0	12415.5439453125	531.012390136719	27669.04296875	18.5924701690674	30.6024188995361
"30"	2577999.4345	1124697.538	0	0	0	15644.798828125	310.617004394531	28049.0703125	23.6821022033691	-165.872314453125
"31"	2578624.075	1124899.5749	0	0	0	13494	372.095977783203	29474.935546875	26.753210067749	3.620112657547
"32"	2578684.8021	1124961.2664	0	0	0	13494	372.095977783203	29474.935546875	26.753210067749	3.620112657547
"33"	2578592.8395	1125101.3563	1	0	0	13217.23828125	509.238220214844	26430.271484375	19.6611289978027	20.3536701202393
"34"	2578352.4442	1125122.9032	0	0	0	12581.98828125	565.420532226562	25836.751953125	23.0691757202148	145.040069580078
"35"	2578004.1263	1125329.2256	0	0	0	12629.15625	477.222412109375	28027.11328125	18.7808532714844	92.7067947387695
"36"	2577800.6356	1125299.0633	0	0	0	11929.798828125	536.47265625	27405.35546875	25.0144538879395	178.610794067383
"37"	2579001.5163	1125097.9478	0	0	0	13643.0400390625	507.968566894531	26067.671875	15.8093862533569	-63.4667053222656
"38"	2579206.2457	1125077.9729	0	0	0	13209.8994140625	513.5087890625	26420.177734375	14.6713199615479	-65.6313629150391
"39"	2579207.6281	1125089.7566	0	0	0	13643.0400390625	507.968566894531	26067.671875	15.8093862533569	-63.4667053222656
"40"	2577349.4261	1124600.8853	0	0	0	15163.525390625	288.476745605469	28982.263671875	33.6316070556641	-132.342620849609
"41"	2579600.4604	1125797.9382	1	0	0	12946.2509765625	487.4033203125	28190.75	16.7901134490967	49.6616287231445
"42"	2579300.4247	1125801.8646	0	0	0	13235.05078125	499.831359863281	27313.158203125	16.4318981170654	27.4675102233887
"43"	2579059.8314	1125383.946	0	0	0	13880.66015625	373.450805664062	29405.63671875	18.1195030212402	-37.0301132202148
"44"	2578924.8455	1125419.5628	1	0	0	14226.9267578125	420.789489746094	27638.658203125	11.4286317825317	-54.8292388916016
"45"	2578659.1555	1125442.2173	0	0	0	13884.7626953125	492.199890136719	26106.58203125	17.3997344970703	-22.8345375061035
"46"	2578550.8767	1125700.4893	0	0	0	13987.015625	399.324554443359	28535.26953125	17.7545318603516	-1.42900085449219
"47"	2578753.6985	1125898.8448	0	0	0	14672.8271484375	476.906494140625	26018.185546875	18.5482940673828	-49.2437171936035
"48"	2579099.775	1126315.3689	0	0	0	14680.7294921875	455.993286132812	26768.1484375	14.9072179794312	-73.8479385375977
"49"	2573712.4702	1120866.6967	0	0	0	15987.142578125	507.463500976562	22208.890625	46.4144630432129	94.7256088256836
"50"	2573900.296	1119997.3958	0	0	0	20548.38671875	227.57861328125	24555.626953125	11.9036254882812	-138.236312866211
"51"	2573101.2873	1119599.2378	0	0	0	15889.9716796875	298.703796386719	27290.451171875	20.0629749298096	-29.3757724761963
"52"	2572789.5828	1119198.7523	0	0	0	14757.458984375	411.393127441406	25673.7734375	24.9489879608154	-39.1740455627441
"53"	2572399.1433	1119199.7206	0	0	0	12272.9423828125	598.470703125	24098.978515625	29.2673530578613	1.15803468227386
"54"	2576115.7258	1134220.9528	0	0	0	23648.88671875	7.50408601760864	30231.23046875	20.968225479126	-96.1049728393555
"55"	2572950.1338	1134924.3126	0	0	0	22014.67578125	3.66372275352478	29740.1796875	9.51925182342529	28.4522571563721
"56"	2570882.9879	1134939.0235	0	0	0	24314.2890625	-79.2723541259766	29120.29296875	22.8871994018555	-24.6648292541504
"57"	2570500.8225	1134776.3009	0	0	0	25853.984375	-145.820129394531	29535.04296875	17.2915821075439	-62.6017265319824
"58"	2570801.0524	1135748.795	0	0	0	22435.80859375	-31.6330757141113	29281.595703125	14.3132572174072	-38.9623336791992
"59"	2562926.1778	1133268.9851	0	0	0	29016.783203125	-326.306396484375	29814.5390625	14.8002710342407	39.9568557739258
"60"	2564607.9645	1133294.5335	0	0	0	24419.1484375	-56.682689666748	27016.265625	18.7426738739014	-21.9388790130615
"61"	2569772.6763	1134295.7668	0	0	0	27071.44921875	-137.99853515625	28445.0859375	27.456859588623	-79.7276153564453
"62"	2569189.7541	1133408.4336	0	0	0	26646.84765625	-181.874816894531	29490.80078125	17.0304107666016	-61.501579284668
"63"	2569920.8121	1133567.0104	0	0	0	28962.705078125	-204.481307983398	28940.91796875	20.6881523132324	-149.421112060547
"64"	2570524.8045	1133194.9157	0	0	0	25189.490234375	228.338455200195	22212.232421875	28.2454166412354	6.40484285354614
"65"	2572200.589	1133801.2357	0	1	0	24737.349609375	201.521545410156	23476.46484375	23.6618843078613	-43.6643981933594
"66"	2569399.6892	1131500.7565	0	0	0	28265.3125	-143.694076538086	28393.2578125	32.5210456848145	-19.4000110626221
"67"	2568324.8053	1130397.3276	0	0	0	26245.494140625	64.5250244140625	25193.318359375	26.3413009643555	76.0100326538086
"68"	2572981.9553	1133782.8484	0	0	0	25261.390625	217.058059692383	23224.146484375	24.8435935974121	-100.540344238281
"69"	2562698.6211	1134994.3843	0	0	0	20099.09375	244.313842773438	25377.0390625	23.787805557251	180.782318115234
"70"	2567203.3078	1121302.1182	0	0	0	37965.29296875	-454.047332763672	28455.4765625	2.9374144077301	-22.6286220550537
"71"	2566799.3368	1120793.4231	0	0	0	36844.74609375	-386.233947753906	27467.017578125	7.72800207138062	18.6072425842285
"72"	2567217.6233	1119962.4089	0	0	0	35955.18359375	-469.612365722656	29138.1015625	7.33139085769653	33.5704536437988
"73"	2567375.3364	1120135.1665	0	0	0	35769.90625	-414.656585693359	28274.00390625	7.07192420959473	39.4031829833984
"74"	2567739.4615	1119991.907	0	0	0	35136.79296875	-401.459655761719	28232.8984375	10.1249704360962	4.25486612319946
"75"	2567007.1444	1119417.1072	0	0	0	36690.67578125	-477.311553955078	28821.388671875	10.9795160293579	-10.4311904907227
"76"	2566921.4476	1119499.6773	0	0	0	36327.26171875	-439.0126953125	28271.77734375	11.9970207214355	18.9547348022461
"77"	2567397.3015	1119101.6429	0	0	0	37472.79296875	-462.569458007812	28148.845703125	5.7796425819397	-66.8131942749023
"78"	2568001.3244	1119898.7678	0	0	0	35465.37109375	-403.507476806641	28140.435546875	8.07225894927979	-54.034252166748
"79"	2567899.9408	1119898.2062	0	0	0	35136.79296875	-401.459655761719	28232.8984375	10.1249704360962	4.25486612319946
"80"	2568201.9634	1119602.3289	0	0	0	35776.61328125	-414.988189697266	28153.568359375	7.71976566314697	-87.2963638305664
"81"	2567795.868	1120798.2051	0	0	0	36109.76171875	-305.969573974609	26274.44921875	10.0265188217163	-6.70078086853027
"82"	2569402.7994	1124255.3968	0	0	0	31006.8515625	-329.438110351562	30073.5078125	28.5644397735596	18.8492984771729
"83"	2569700.6051	1124099.2706	0	0	0	30934.1640625	-322.172607421875	29986.8125	28.1870155334473	-20.4068984985352
"84"	2570000.025	1124099.6119	0	0	0	29731.896484375	-280.796142578125	29822.58203125	20.9553737640381	-16.4450244903564
"85"	2570601.5092	1126399.4243	0	0	0	25483.099609375	-150.195678710938	30050.017578125	18.7266731262207	-2.52584314346313
"86"	2568199.1877	1126923.4638	0	0	0	26247.52734375	-188.068115234375	30428.216796875	21.7292652130127	91.1045608520508
"87"	2568462.8134	1126714.835	0	0	0	27872.125	-234.824691772461	30425.814453125	19.5622577667236	24.6787700653076
"88"	2568699.3651	1126298.9897	0	1	0	31259.2734375	-270.322235107422	29368.94140625	21.2498245239258	-71.4130630493164
"89"	2568343.2988	1126100.0946	0	0	0	30396.23828125	-269.886596679688	29735.474609375	20.4012336730957	-20.9009380340576
"90"	2569599.4605	1121999.4724	0	0	0	26602.025390625	-82.6889495849609	26940.021484375	24.4074935913086	70.5228805541992
"91"	2571122.4981	1124203.0004	0	0	0	30545.52734375	-237.323532104492	28637.18359375	31.7052783966064	-114.966468811035
"92"	2571573.1105	1123826	0	1	0	29640.619140625	-217.772918701172	28651.076171875	26.9847145080566	-104.809204101562
"93"	2572997.0672	1122669.9799	0	1	0	26920.208984375	-159.10920715332	28774.64453125	5.4244065284729	-143.046035766602
"94"	2572945.4141	1123049.9792	0	1	0	26569.126953125	-188.963073730469	29663.228515625	19.0209560394287	-122.072769165039
"95"	2572198.7381	1124600.0514	0	1	0	26602.935546875	6.4300103187561	25967.25390625	21.3143405914307	-58.265552520752
"96"	2572681.9752	1125041.7817	0	1	0	25916.64453125	-35.7462425231934	27294.25	12.5748844146729	-96.0487899780273
"97"	2572202.5095	1124701.7128	0	0	0	26602.935546875	6.4300103187561	25967.25390625	21.3143405914307	-58.265552520752
"98"	2566898.7591	1128704.9746	0	0	0	30058.41015625	-255.100921630859	29710.5078125	21.1478862762451	-13.4815368652344
"99"	2567033.3263	1128732.9634	0	1	0	30032.82421875	-153.309936523438	27723.345703125	25.5031280517578	-77.0183639526367
"100"	2567443.2998	1128795.92499999	0	1	0	29253.908203125	-13.0662384033203	25325.33984375	27.7687606811523	-99.6941375732422
"101"	2569848.0637	1128505.0723	0	0	0	22480.9296875	-58.6331024169922	30452.626953125	17.9263648986816	-54.1229553222656
"102"	2573297.1372	1122711.8246	0	0	0	26750.0625	-143.072982788086	28551.283203125	4.95963191986084	-152.0341796875
"103"	2574338.9191	1120264.9366	0	0	0	20291.216796875	400.84765625	20980.9375	26.5095252990723	-190.799789428711
"104"	2574493.8254	1120197.7897	0	0	0	17144.439453125	655.702758789062	17761.08984375	53.444393157959	-70.0471267700195
"105"	2574300	1119800	0	1	0	18194.896484375	510.482421875	20217.921875	45.9681282043457	-49.996898651123
"106"	2571096.688	1120205.1392	0	0	0	17979.74609375	357.882995605469	23402.453125	23.4850902557373	-160.497970581055
"107"	2571275.3933	1120622.951	0	0	0	17768.40625	404.650329589844	22641.97265625	37.8802680969238	-27.485107421875
"108"	2570971.9841	1121569.0364	0	0	0	19138.42578125	223.39306640625	25590.65625	22.8581237792969	103.780433654785
"109"	2570875.0776	1121802.9905	0	0	0	19935.01171875	226.377044677734	24921.08203125	21.3422336578369	110.236747741699
"110"	2574725.0364	1121175.4195	0	1	0	18364.595703125	375.148376464844	23434.314453125	48.6313552856445	76.4345550537109
"111"	2570375.4895	1121675.136	0	0	0	19198.4296875	216.334228515625	25672.033203125	28.1166248321533	176.242492675781
"112"	2570709.9932	1122287.5764	0	0	0	21697.216796875	144.584838867188	25452.1484375	18.9899082183838	125.501342773438
"113"	2573600.04	1124274.2375	0	0	0	18156.720703125	271.899230957031	25905.923828125	16.7568893432617	138.300933837891
"114"	2577503.2217	1127204.6032	0	0	0	17213.21875	271.100219726562	28673.31640625	30.512300491333	-141.552459716797
"115"	2578429.2296	1126929.9267	1	0	1	16162.919921875	320.850982666016	28743.228515625	18.9031391143799	-138.13835144043
"116"	2578439.0637	1127104.0508	0	0	0	15046.6728515625	349.100799560547	29412.794921875	30.3532466888428	-131.96467590332
"117"	2578454.8555	1127133.8725	0	0	0	15046.6728515625	349.100799560547	29412.794921875	30.3532466888428	-131.96467590332
"118"	2578480.6942	1127198.9559	0	0	0	15046.6728515625	349.100799560547	29412.794921875	30.3532466888428	-131.96467590332
"119"	2578626.9149	1127191.4654	0	0	0	14232.373046875	429.081817626953	28475.576171875	35.0861892700195	-129.646438598633
"120"	2578224.5114	1126575.1139	0	0	0	14763.6376953125	423.532745361328	27332.181640625	11.0183067321777	6.65938711166382
"121"	2578037.838	1126409.0006	0	0	0	14763.6376953125	423.532745361328	27332.181640625	11.0183067321777	6.65938711166382
"122"	2577953.5468	1126367.463	0	0	0	14775.1787109375	463.692108154297	26210.201171875	14.5754413604736	97.6964797973633
"123"	2577876.8193	1126293.1467	1	0	0	14112.130859375	522.737731933594	25250.513671875	20.0181369781494	96.4137115478516
"124"	2579022.3726	1126207.708	0	0	0	14680.7294921875	455.993286132812	26768.1484375	14.9072179794312	-73.8479385375977
"125"	2578957.2354	1126397.5568	0	0	0	15065.2255859375	357.109497070312	28955.48828125	6.12239217758179	-105.351043701172
"126"	2579225.0232	1126601.599	0	0	0	14451.8955078125	357.970581054688	29844.013671875	12.1208066940308	-125.691558837891
"127"	2579713.2796	1126380.5197	0	0	0	14043.216796875	386.647888183594	29654.181640625	9.97531890869141	-94.2527847290039
"128"	2579850.9367	1126387.0533	0	0	0	13749.0810546875	412.028717041016	29468.74609375	9.46665000915527	-87.0219879150391
"129"	2579856.0752	1126390.8625	0	0	0	13749.0810546875	412.028717041016	29468.74609375	9.46665000915527	-87.0219879150391
"130"	2579966.3672	1126392.8233	0	0	0	13749.0810546875	412.028717041016	29468.74609375	9.46665000915527	-87.0219879150391
"131"	2580671.0965	1126348.2219	0	0	0	13312.794921875	426.358764648438	29967.1640625	7.02793407440186	-70.81298828125
"132"	2580710.0295	1126346.9455	0	0	0	13312.794921875	426.358764648438	29967.1640625	7.02793407440186	-70.81298828125
"133"	2580101.3854	1125999.6983	0	0	0	12943.73046875	464.290191650391	29138.13671875	9.20860576629639	4.81199026107788
"134"	2579801.1111	1125899.6165	0	0	0	13280.0400390625	531.669372558594	26755.6171875	17.0317115783691	-23.0601291656494
"135"	2579896.4671	1125666.4941	0	0	0	12956.607421875	507.407043457031	27739.98828125	10.9304218292236	4.27731227874756
"136"	2579975.3244	1125451.3923	0	0	0	12743.9013671875	534.279418945312	27190.875	17.4091930389404	6.35734462738037
"137"	2579498.3631	1126100.4591	0	0	0	14032.671875	430.895294189453	28381.470703125	9.17976188659668	-60.9783935546875
"138"	2579600.5889	1126198.4841	0	0	0	14032.671875	430.895294189453	28381.470703125	9.17976188659668	-60.9783935546875
"139"	2578097.1295	1126797.2609	1	0	0	15770.19140625	597.123291015625	22070.7890625	28.1297473907471	-41.3515701293945
"140"	2575300.0228	1124699.7929	0	0	0	16298.3388671875	386.014465332031	24977.224609375	16.6780605316162	82.0712051391602
"141"	2576498.0183	1125301.8667	0	0	0	17590.7421875	758.251708984375	15289.96875	37.8421745300293	-166.568969726562
"142"	2576485.0423	1125157.3866	0	0	0	17570.548828125	791.661804199219	14444.3115234375	42.6971588134766	-39.8308296203613
"143"	2575526.4145	1124591.0751	0	0	0	15649.146484375	419.921691894531	24886.45703125	23.0034503936768	65.9792175292969
"144"	2575302.9153	1124296.5263	0	0	1	14191.8271484375	503.453155517578	24063.23828125	30.7747611999512	143.091613769531
"145"	2575299.4944	1121901.5143	0	0	0	19487.2421875	695.932373046875	14704.39453125	41.7243919372559	-181.477569580078
"146"	2577001.7864	1125736.8176	0	0	0	18384.263671875	453.883056640625	22296.505859375	30.2377624511719	-126.583122253418
"147"	2577095.0181	1125562.8529	0	0	1	16681.28125	597.132751464844	20122.5234375	36.5362739562988	-84.6585311889648
"148"	2577191.1298	1125437.9397	0	0	0	16681.28125	597.132751464844	20122.5234375	36.5362739562988	-84.6585311889648
"149"	2577231.7775	1125336.8814	0	0	0	13636.2373046875	989.920471191406	12754.7109375	57.602367401123	43.7090339660645
"150"	2577903.232	1125558.8563	0	0	0	12996.3603515625	722.928161621094	20903.388671875	32.541259765625	103.01439666748
"151"	2579864.4481	1125055.2707	1	0	0	12395.76171875	488.021087646484	28721.13671875	10.599401473999	-34.8773078918457
"152"	2579899.227	1125101.442	1	0	0	12415.5439453125	531.012390136719	27669.04296875	18.5924701690674	30.6024188995361
"153"	2579935.0834	1124833.9295	0	0	0	11937.576171875	792.211120605469	20874.091796875	27.9857749938965	-168.023544311523
"154"	2579903.3409	1124812.1242	0	0	0	11937.576171875	792.211120605469	20874.091796875	27.9857749938965	-168.023544311523
"155"	2579838.7023	1124771.0051	0	0	0	11937.576171875	792.211120605469	20874.091796875	27.9857749938965	-168.023544311523
"156"	2579484.1069	1124505.0894	0	0	0	11173.5283203125	731.396240234375	23590.4453125	22.0674343109131	-77.5936431884766
"157"	2579281.4999	1124628.9744	0	0	0	11708.0830078125	593.861206054688	26651.107421875	17.3166522979736	18.3479061126709
"158"	2579398.2912	1124796.2071	0	0	0	11708.0830078125	593.861206054688	26651.107421875	17.3166522979736	18.3479061126709
"159"	2579842.3348	1125477.2779	1	0	0	12743.9013671875	534.279418945312	27190.875	17.4091930389404	6.35734462738037
"160"	2579503.1037	1125604.4841	0	0	0	12946.2509765625	487.4033203125	28190.75	16.7901134490967	49.6616287231445
"161"	2579321.0676	1125692.0886	0	0	0	13235.05078125	499.831359863281	27313.158203125	16.4318981170654	27.4675102233887
"162"	2579004.1478	1125798.7236	0	0	0	13415.9306640625	497.803985595703	27062.451171875	19.142894744873	60.4793395996094
"163"	2570652.631	1118626.3564	0	0	0	12870.7041015625	539.33447265625	24286.615234375	30.319787979126	170.8798828125
"164"	2570842.087	1118705.7757	0	0	0	13287.5400390625	576.970153808594	22604.1171875	28.6150684356689	65.974479675293
"165"	2571813.1839	1118214.1201	0	0	0	8744.30078125	801.147705078125	25431.115234375	29.5645313262939	152.345397949219
"166"	2572061.3393	1118574.6873	0	0	0	8805.474609375	823.921936035156	24277.72265625	41.7345504760742	162.566543579102
"167"	2571708.7741	1117300.2577	0	0	0	7824.58349609375	875.366577148438	25356.6875	31.5340156555176	151.891098022461
"168"	2571703.2916	1116898.8338	0	0	0	7242.17919921875	985.178466796875	23232.07421875	37.0425872802734	118.672676086426
"169"	2571601.9005	1116799.5592	0	0	0	6285.05419921875	1174.30407714844	19432.189453125	55.1855278015137	170.231384277344
"170"	2571583.003	1117803.3689	0	0	0	7616.55712890625	873.457214355469	25977.9921875	30.5259704589844	251.638229370117
"171"	2571301.05	1119198.0906	0	0	0	15056.5546875	470.981506347656	23558.294921875	36.6884651184082	-127.525466918945
"172"	2578934.5637	1124240.6203	0	0	0	11401.64453125	660.600891113281	24934.654296875	14.9597454071045	-16.3365077972412
"173"	2578985.1527	1124215.8924	0	0	0	11401.64453125	660.600891113281	24934.654296875	14.9597454071045	-16.3365077972412
"174"	2578998.5503	1124101.8233	0	0	0	10901.8251953125	715.707641601562	24428.18359375	33.7953071594238	-42.123664855957
"175"	2579126.3605	1124115.0448	0	0	0	10901.8251953125	715.707641601562	24428.18359375	33.7953071594238	-42.123664855957
"176"	2579132.8004	1124078.5473	0	0	0	10592.44921875	775.671630859375	23190.478515625	25.6999168395996	-92.0251846313477
"177"	2579229.4071	1124057.2721	0	0	0	10592.44921875	775.671630859375	23190.478515625	25.6999168395996	-92.0251846313477
"178"	2579098.1231	1123904.9008	0	0	0	10592.44921875	775.671630859375	23190.478515625	25.6999168395996	-92.0251846313477
"179"	2579169.1044	1123873.1095	0	0	0	10592.44921875	775.671630859375	23190.478515625	25.6999168395996	-92.0251846313477
"180"	2578998.1808	1123799.9315	0	0	0	10121.0390625	788.210388183594	23720.828125	20.6980991363525	-130.316925048828
"181"	2579011.8253	1123772.991	0	0	0	10121.0390625	788.210388183594	23720.828125	20.6980991363525	-130.316925048828
"182"	2578960.3282	1123706.4185	0	0	0	10351.8359375	686.736633300781	26179.255859375	12.07945728302	-10.0381021499634
"183"	2578943.5958	1123707.70669999	0	0	0	10351.8359375	686.736633300781	26179.255859375	12.07945728302	-10.0381021499634
"184"	2578929.4595	1123692.16299999	0	0	0	10351.8359375	686.736633300781	26179.255859375	12.07945728302	-10.0381021499634
"185"	2578822.8065	1123633.3416	0	0	0	10351.8359375	686.736633300781	26179.255859375	12.07945728302	-10.0381021499634
"186"	2578799.6121	1123596.349	0	0	0	10351.8359375	686.736633300781	26179.255859375	12.07945728302	-10.0381021499634
"187"	2578770.1191	1123460.3266	0	0	0	9942.22265625	811.626892089844	23332.87890625	21.4722442626953	-98.1874084472656
"188"	2578708.2047	1123582.2782	0	0	0	10123.8017578125	749.306091308594	24718.615234375	17.1827354431152	-150.636123657227
"189"	2578614.173	1123558.699	0	0	0	10123.8017578125	749.306091308594	24718.615234375	17.1827354431152	-150.636123657227
"190"	2578616.6623	1123647.2672	0	0	0	9987.1796875	754.163818359375	24818.82421875	27.9763126373291	82.343635559082
"191"	2578587.7946	1123645.594	0	0	0	9987.1796875	754.163818359375	24818.82421875	27.9763126373291	82.343635559082
"192"	2578564.0254	1123659.0269	0	0	0	9987.1796875	754.163818359375	24818.82421875	27.9763126373291	82.343635559082
"193"	2578505.9372	1123757.8354	0	0	0	9987.1796875	754.163818359375	24818.82421875	27.9763126373291	82.343635559082
"194"	2578728.1646	1124054.8771	0	0	0	10933.916015625	767.813720703125	22621.869140625	29.1538867950439	8.13538360595703
"195"	2578146.1675	1125630.0037	0	0	0	13060.7626953125	423.11376953125	29132.0078125	27.6500186920166	79.3293685913086
"196"	2578399.3	1126000.6	0	0	0	13314.33203125	586.932739257812	24589.513671875	29.1522083282471	95.6123809814453
"197"	2573894.0434	1118673.878	0	0	0	18109.501953125	463.317291259766	21108.236328125	22.451135635376	-155.653045654297
"198"	2573599.7001	1118504.0325	0	0	0	17366.783203125	613.218566894531	18105.130859375	25.1608428955078	-161.524688720703
"199"	2573103.526	1118598.5481	0	0	0	16336.7158203125	344.50537109375	25563.240234375	28.0253639221191	-124.7646484375
"200"	2573105.8962	1118601.2603	0	0	0	16336.7158203125	344.50537109375	25563.240234375	28.0253639221191	-124.7646484375
"201"	2572500.6342	1118400.0469	0	0	0	12897.01953125	552.961975097656	24365.134765625	35.6801910400391	-101.008567810059
"202"	2573152.6049	1117997.13679999	0	0	0	12688.599609375	677.932250976562	21623.923828125	23.5915794372559	-106.551834106445
"203"	2572098.3213	1118101.1227	0	0	0	8891.15625	761.477478027344	26112.34765625	35.4510803222656	147.046157836914
"204"	2575696.4467	1122695.7671	0	0	0	22064.41796875	66.3021926879883	27085.25390625	23.8603668212891	-175.899291992188
"205"	2577301.7171	1122199.2696	0	0	0	10919.1552734375	681.272399902344	24725.494140625	11.8921213150024	-68.7845840454102
"206"	2577498.3244	1122000.1499	0	0	0	9622.923828125	827.699340820312	23126.099609375	34.7046813964844	-112.918548583984
"207"	2577301.1517	1122003.5059	0	0	0	10546.01171875	741.036254882812	23756.6640625	19.4229583740234	-97.7269973754883
"208"	2577103.4991	1121999.4987	0	0	0	10477.94140625	738.727905273438	23792.763671875	16.0049991607666	13.5400629043579
"209"	2576994.0119	1121800.6324	0	0	0	10060.0986328125	767.57275390625	23797.234375	14.5747518539429	-74.5762405395508
"210"	2577209.2515	1121724.6142	0	0	0	10060.0986328125	767.57275390625	23797.234375	14.5747518539429	-74.5762405395508
"211"	2573199.8095	1119600.8016	0	0	0	15889.9716796875	298.703796386719	27290.451171875	20.0629749298096	-29.3757724761963
"212"	2572987.312	1120284.8403	0	0	0	13801.5546875	473.368896484375	25371.54296875	43.4783782958984	84.00390625
"213"	2572902.2379	1120546.1111	0	0	0	11348.0732421875	592.809936523438	26122.6015625	33.3147239685059	231.46403503418
"214"	2572299.3382	1120103.3009	0	0	0	13101.830078125	591.357116699219	23223.978515625	30.9597568511963	115.864395141602
"215"	2572324.7726	1119772.724	0	0	0	11363.669921875	648.334777832031	24217.828125	40.6412315368652	146.975708007812
"216"	2572098.7411	1119498.922	0	0	0	10158.720703125	801.914245605469	21961.072265625	41.8751983642578	239.448104858398
"217"	2578505.152	1123280.9649	0	0	0	9257.189453125	939.660461425781	20702.689453125	26.4153957366943	-10.8140602111816
"218"	2578471.7879	1123241.9774	0	0	0	9154.9951171875	875.377197265625	22806.404296875	24.9370727539062	-48.3591461181641
"219"	2578823.854	1123767.0495	0	0	0	10351.8359375	686.736633300781	26179.255859375	12.07945728302	-10.0381021499634
"220"	2578500.7432	1124402.2827	0	1	1	12539.8427734375	637.481384277344	23721.380859375	30.0356960296631	43.3023262023926
"221"	2577446.4175	1124251.7254	0	0	1	16788.720703125	292.288360595703	27078.541015625	12.5533885955811	-129.632629394531
"222"	2559727.5993	1148105.3806	0	0	0	21574.048828125	450.134155273438	28678.5	16.9160289764404	131.340240478516
"223"	2572430.6676	1131194.1223	0	0	0	17133.537109375	292.912567138672	26984.412109375	12.2168054580688	-72.1464157104492
"224"	2571250.5101	1131047.7964	0	0	0	14459.69921875	310.625061035156	28739.0703125	31.067419052124	-18.7126617431641
"225"	2571003.7384	1130794.1549	0	1	0	12995.1328125	496.461730957031	25583.794921875	31.1464977264404	180.100875854492
"226"	2572399.8352	1130098.8406	0	0	0	14562.24609375	396.096343994141	26896.330078125	14.4499320983887	102.518463134766
"227"	2572600.0131	1129999.9271	0	0	0	13975.28515625	330.652465820312	29241.068359375	16.5778789520264	166.217041015625
"228"	2572791.2808	1130001.0412	0	0	0	14124.1904296875	461.502990722656	25748.41796875	30.1286277770996	157.784210205078
"229"	2573075.8769	1130849.1519	0	0	0	16073.19140625	298.320556640625	28075.5703125	9.63145542144775	5.49017238616943
"230"	2572858.4045	1140979.8776	0	0	0	20640.384765625	248.242050170898	24947.0390625	21.1055660247803	-62.4263572692871
"231"	2571399.3104	1141299.9618	0	1	0	21147.0546875	126.37508392334	26598.69140625	14.144645690918	-26.301477432251
"232"	2570469.1997	1140697.99	0	1	0	21094.8125	164.500747680664	25583.107421875	20.2501182556152	-11.9020490646362
"233"	2570099.4745	1141295.1579	0	0	0	22579.11328125	-6.47158098220825	28266.30859375	8.83233165740967	-68.8157043457031
"234"	2570195.549	1140281.1909	0	0	0	21202.1328125	137.557266235352	26095.392578125	23.8589782714844	-52.8975563049316
"235"	2567495.4725	1138403.0005	0	0	0	20211.8203125	98.4733428955078	28340.275390625	6.20149421691895	-147.729690551758
"236"	2567445.961	1138626.3831	0	0	0	20301.419921875	142.478332519531	27730.12890625	11.5913648605347	-104.735298156738
"237"	2566927.1025	1138077.9749	0	0	0	17839.544921875	271.587707519531	26736.951171875	17.8168239593506	-21.1507720947266
"238"	2566805.7663	1138599.2816	0	0	0	19419.978515625	188.788436889648	27989.8671875	9.13403511047363	-46.0577278137207
"239"	2566360.2091	1138988.8668	0	0	0	20390.13671875	195.823104858398	27704.720703125	8.55775260925293	-105.601211547852
"240"	2565499.9281	1137700.0504	0	0	0	19295.333984375	195.492477416992	28421.494140625	13.1540298461914	-47.7999076843262
"241"	2564749.3105	1136623.9472	0	0	0	19644.9140625	230.321762084961	26936.337890625	16.2324180603027	-87.6863632202148
"242"	2564005.6819	1135995.3133	0	0	0	18253.779296875	186.275451660156	28844.232421875	13.6289234161377	52.0293922424316
"243"	2563672.7326	1134679.2159	0	1	0	18056.2890625	119.573921203613	28902.43359375	35.5697441101074	147.213851928711
"244"	2575699.3812	1127700.43620001	0	0	0	17701.25	387.594879150391	24795.708984375	19.2472763061523	-118.861694335938
"245"	2575927.922	1128449.8707	0	0	0	19474.25	249.405990600586	27018.53125	11.9885549545288	-126.717422485352
"246"	2576399.847	1128498.3931	0	0	0	18947.3125	352.769653320312	25341.443359375	13.4177360534668	-144.14013671875
"247"	2575301.1079	1128999.1704	0	0	0	19891.34375	97.2354202270508	30011.396484375	14.5530271530151	-97.9120864868164
"248"	2574207.2803	1130257.0766	1	0	0	15426.71484375	277.512237548828	29445.84375	15.4418172836304	66.8888702392578
"249"	2576750.9827	1129474.4125	1	0	0	15198.8583984375	588.630004882812	23490.6875	26.4616565704346	112.347427368164
"250"	2581297.137	1134227.9244	0	1	0	17475.53515625	320.964477539062	29412.650390625	11.9903593063354	-10.3294677734375
"251"	2572492.6262	1137664.1536	0	0	0	17340.0859375	175.575927734375	29259.490234375	15.4138116836548	16.6954574584961
"252"	2572196.527	1137698.5594	0	0	0	16203.505859375	181.723495483398	29875.951171875	22.8413257598877	31.4137477874756
"253"	2571491.3464	1136704.4497	0	0	0	17658.701171875	103.040405273438	30173.08203125	18.7404632568359	41.6041870117188
"254"	2571124.9589	1136374.7927	0	0	0	18543.544921875	66.2341003417969	30063.4375	24.0649299621582	36.0843315124512
"255"	2573001.5851	1137034.9805	0	0	0	21396.154296875	115.198226928711	27837.53125	12.8202800750732	-128.27897644043
"256"	2573769.4514	1138667.69	0	0	0	20215.83203125	128.605133056641	28755.845703125	3.98427081108093	-66.5157165527344
"257"	2576598.7497	1141304.4772	0	1	0	21013.013671875	462.984069824219	22022.734375	30.8147811889648	2.38530135154724
"258"	2576899.1829	1140896.9904	0	0	0	20366.14453125	475.951843261719	22311.083984375	28.9137535095215	10.552396774292
"259"	2578799.8628	1151400.8154	0	0	0	18875.625	193.287048339844	28155.109375	36.471263885498	-30.8567752838135
"260"	2578763.8519	1151606.4668	0	0	0	16707.88671875	286.476287841797	27660.236328125	37.409839630127	102.297729492188
"261"	2579103.4468	1152501.1112	0	0	0	14056.8046875	285.774200439453	30011.42578125	23.0243072509766	90.3998870849609
"262"	2580000.2471	1153748.88	0	0	0	14118.6689453125	327.944152832031	28496.33203125	24.338794708252	136.077972412109
"263"	2579861.4327	1153041.1689	0	0	0	16155.212890625	290.802612304688	27684.052734375	29.0137958526611	-45.7098731994629
"264"	2580306.1314	1152594.851	0	0	0	19869.982421875	248.458389282227	25911.728515625	31.6485843658447	-110.812889099121
"265"	2580303.1477	1151997.4151	0	1	0	20568.720703125	286.779571533203	24961.564453125	18.0513401031494	-129.854598999023
"266"	2569928.2292	1146296.4328	0	0	0	28240.197265625	46.1317749023438	24213.658203125	20.5921611785889	-139.393951416016
"267"	2570169.0489	1146008.7919	0	0	0	27747.6796875	253.856170654297	20149.44140625	29.8771572113037	-105.33740234375
"268"	2570226.6236	1145644.2767	0	1	0	26263.3984375	135.905197143555	23310.5390625	31.2819633483887	-112.02409362793
"269"	2569947.0136	1145601.9947	0	1	0	24862.029296875	365.887786865234	19424.14453125	35.2813491821289	-25.3957939147949
"270"	2570649.7596	1145878.7288	0	0	0	28304.18359375	-4.5321364402771	24893.2109375	24.4831047058105	-145.381866455078
"271"	2571280.0375	1145674.3293	0	0	0	27787.666015625	-62.5550346374512	26281.794921875	20.2598686218262	-97.4330139160156
"272"	2572072.9392	1144176.0528	0	0	0	20037.716796875	62.3977470397949	28778.38671875	35.2393226623535	60.292652130127
"273"	2572540.4087	1144901.7538	0	1	0	21896.720703125	277.574249267578	22935.083984375	29.800874710083	161.048797607422
"274"	2573528.3301	1145100.3316	0	0	0	26068.677734375	-41.993522644043	27732.345703125	26.1658115386963	-15.3705406188965
"275"	2573797.8598	1144702.0199	0	0	0	25393.23828125	-60.9635353088379	28727.599609375	8.70391845703125	-26.7496929168701
"276"	2574025.2087	1144176.4058	0	0	0	24943.263671875	89.2446136474609	25979.115234375	21.6711769104004	-92.5036697387695
"277"	2573801.6876	1144002.7483	0	0	0	23526.580078125	119.617370605469	26073.26171875	21.5843887329102	-62.879638671875
"278"	2573301.4595	1143804.1083	0	1	0	20949.30859375	236.912048339844	24914.533203125	22.1126747131348	6.3870849609375
"279"	2571003.5748	1146493.0669	0	0	0	25448.671875	-92.7197341918945	27979.712890625	25.9499568939209	62.2338829040527
"280"	2571051.1888	1146399.8669	0	1	0	25448.671875	-92.7197341918945	27979.712890625	25.9499568939209	62.2338829040527
"281"	2571098.2254	1146497.3743	0	0	0	25448.671875	-92.7197341918945	27979.712890625	25.9499568939209	62.2338829040527
"282"	2570871.1105	1147204.7726	0	0	0	24822.88671875	-104.666885375977	28663.9375	20.329984664917	18.7836208343506
"283"	2570749.313	1146998.3432	0	1	0	25800.71484375	-102.643112182617	27953.904296875	22.9430847167969	-54.583366394043
"284"	2571942.6744	1146126.129	0	0	0	28043.919921875	-223.324035644531	29527.19921875	17.0680236816406	-121.69457244873
"285"	2578146.8756	1147107.8636	0	0	0	25367.4140625	-24.10618019104	29572.904296875	19.6867389678955	-30.3179569244385
"286"	2578499.2184	1146998.7067	0	0	0	26055.640625	-32.8195915222168	29558.423828125	27.3241786956787	-78.2649230957031
"287"	2578843.4462	1146951.0532	0	0	0	26115.921875	-21.3159828186035	29325.607421875	24.1864757537842	-67.4229278564453
"288"	2579502.2819	1146799.2766	0	0	0	25355.873046875	318.064849853516	22942.251953125	28.0659141540527	-94.4069747924805
"289"	2580001.8181	1147096.7159	0	0	0	26427.486328125	109.299644470215	26788.216796875	12.5822696685791	-128.550155639648
"290"	2580305.2176	1147078.715	0	0	0	24263.9921875	419.539672851562	21518.9609375	31.3109149932861	-76.3951568603516
"291"	2581102.5772	1147496.4888	0	1	0	25321.326171875	237.93424987793	24835.025390625	19.968225479126	-93.99951171875
"292"	2576598.0793	1138495.4962	0	0	0	15825.7001953125	598.374938964844	23043.2421875	28.8926181793213	66.0879745483398
"293"	2577174.6558	1138099.918	0	0	0	14314.7451171875	607.167846679688	24561.708984375	22.4629802703857	50.15869140625
"294"	2577076.1566	1137874.5444	0	0	0	13691.169921875	528.362915039062	27248.259765625	10.6022644042969	22.7410526275635
"295"	2576800.1002	1137647.9868	0	0	0	12917.2529296875	631.062194824219	25340.1484375	21.4011821746826	53.4449348449707
"296"	2577150.0394	1137548.9389	0	0	0	12349.845703125	719.761108398438	23838.26171875	20.6060009002686	-14.0417432785034
"297"	2576400.8937	1139495.4862	0	0	0	17333.640625	265.309661865234	29592.185546875	4.56962728500366	26.0650596618652
"298"	2576317.057	1139872.5234	0	0	0	16450.9765625	375.746490478516	27575.5078125	15.6904878616333	106.209671020508
"299"	2575600.1539	1138700.2598	0	0	0	19598.0703125	177.426391601562	29310.583984375	8.00578784942627	-103.944442749023
"300"	2577761.1124	1138755.9315	0	0	0	17355.65234375	643.606567382812	21412.435546875	29.6336612701416	-52.6181335449219
"301"	2578036.7093	1138218.7619	0	0	1	15326.0712890625	630.459655761719	23507.869140625	25.4471893310547	-9.64931201934814
"302"	2577901.2149	1139199.4517	0	0	0	20573.703125	586.12744140625	20506.126953125	30.6156101226807	-129.466445922852
"303"	2579360.6604	1138513.3413	0	0	0	15143.2783203125	582.077819824219	25352.171875	33.0717353820801	-146.813446044922
"304"	2580498.4919	1137599.5636	0	0	0	16179.54296875	653.085510253906	22810.47265625	26.0726661682129	-61.6582527160645
"305"	2580525.6476	1137224.3552	0	0	0	14632.4150390625	583.28662109375	25846.37109375	17.0745830535889	-53.0478553771973
"306"	2580949.8422	1137675.3981	0	0	1	15781.447265625	623.113464355469	23954.779296875	27.4988708496094	-42.614315032959
"307"	2581379.5444	1137749.9211	0	0	0	14087.6357421875	528.227233886719	27908.08203125	9.87677669525146	67.8091506958008
"308"	2581200.3408	1137900.0736	0	0	0	15042.5595703125	654.523132324219	23862.9765625	30.4940185546875	82.7563705444336
"309"	2579493.8024	1137398.4376	0	0	0	14515.8642578125	626.225280761719	24795.5234375	20.8894691467285	-44.9618492126465
"310"	2578921.1741	1137373.0852	0	0	1	13273.1240234375	717.674255371094	23580.40234375	25.2091903686523	21.4175720214844
"311"	2578402.1966	1137444.1252	0	0	0	12163.1875	673.973205566406	25934.306640625	32.8134880065918	64.4319610595703
"312"	2578403.0501	1139196.3259	0	1	1	21473.052734375	299.765228271484	26627.353515625	22.6975517272949	-158.742202758789
"313"	2577795.8824	1137395.6272	0	0	0	11533.705078125	782.001159667969	23689.9765625	24.1780338287354	80.3532104492188
"314"	2578999.8814	1136501.3254	0	0	0	11508.966796875	664.725952148438	27280.41796875	21.4505348205566	61.6397323608398
"315"	2578850.9041	1136647.6771	0	0	1	10644.8310546875	771.378784179688	25612.828125	27.3295879364014	120.169471740723
"316"	2578507.7763	1136447.8353	0	1	0	9861.3291015625	709.268127441406	28764.375	26.5015468597412	146.040176391602
"317"	2578797.6557	1136096.8609	0	0	1	10861.537109375	650.9375	28632.009765625	13.8014144897461	129.100158691406
"318"	2579101.2506	1136303.5513	0	0	0	11484.802734375	664.188171386719	27245.060546875	19.2016830444336	110.21662902832
"319"	2579984.9535	1136034.8365	0	1	1	12784.1748046875	557.2177734375	28315.55859375	27.9177761077881	24.9742412567139
"320"	2580097.3029	1136400.4129	0	0	0	11203.77734375	743.138916015625	25724.107421875	27.2221546173096	145.588760375977
"321"	2568600.3103	1137698.8864	0	0	1	14881.87109375	236.439056396484	28587.716796875	10.037145614624	75.8007888793945
"322"	2568331.1508	1137531.77	0	0	1	14493.408203125	279.266662597656	27830.505859375	14.4175910949707	45.5396957397461
"323"	2568401.1894	1137500.6304	0	0	1	14493.408203125	279.266662597656	27830.505859375	14.4175910949707	45.5396957397461
"324"	2568180.3503	1137003.7934	0	0	1	12768.2109375	503.335968017578	23797.814453125	36.885066986084	132.30403137207
"325"	2567443.8142	1136780.7307	0	0	1	11358.79296875	523.813354492188	25319.658203125	25.9696273803711	201.509384155273
"326"	2567377.0601	1136552.1617	0	0	0	11381.6103515625	362.531860351562	29537.8125	20.5454788208008	191.918548583984
"327"	2567199.9639	1136396.9594	0	0	0	12196.75390625	635.753723144531	21081.466796875	37.0319213867188	70.3837890625
"328"	2567024.3745	1136048.6692	0	0	0	11650.283203125	505.177093505859	24929.8515625	25.792781829834	106.107849121094
"329"	2567773.4584	1136720.7362	0	0	0	12432.9716796875	347.081939697266	28483.17578125	16.5510387420654	106.649772644043
"330"	2569751.7727	1137849.7851	1	0	0	17214.353515625	214.494262695312	27327.728515625	10.2032222747803	-15.8290119171143
"331"	2583295.247	1147897.6775	0	0	0	25245.240234375	136.193176269531	27092.388671875	15.338565826416	-111.039848327637
"332"	2582903.7948	1148008.6726	0	1	0	24140.76953125	235.077255249023	25648.9765625	17.265531539917	-31.3849315643311
"333"	2581123.8412	1146675.0581	0	0	0	21019.77734375	389.466644287109	24165.482421875	21.8073596954346	-39.5454940795898
"334"	2583602.4182	1147105.8399	0	0	0	20223.921875	184.553634643555	29390.072265625	24.9372138977051	92.18017578125
"335"	2583099.0547	1147048.9377	0	0	0	20650.169921875	365.567199707031	25073.779296875	20.0532417297363	-50.2191123962402
"336"	2582302.9624	1146696.1948	0	0	0	19380.482421875	365.421936035156	25967.8046875	17.0948524475098	-24.600471496582
"337"	2581500.1458	1146293.535	1	0	0	17849.837890625	576.146667480469	22138.888671875	29.2870693206787	-40.6356964111328
"338"	2581700.8444	1147601.1345	0	0	0	25750.05078125	181.794067382812	25782.33203125	15.4412612915039	-104.875709533691
"339"	2572299.0189	1120848.6371	0	0	0	16948.07421875	450.736236572266	22571.26953125	31.1792240142822	20.3563041687012
"340"	2571896.8174	1120196.6546	0	0	0	14723.478515625	510.275512695312	23044.537109375	26.2878398895264	-37.859260559082
"341"	2571750.409	1119855.7414	0	0	1	13497.7529296875	622.391967773438	21597.298828125	29.3598098754883	18.8048133850098
"342"	2580598.7264	1130603.4084	0	0	0	14626.7744140625	503.750946044922	27884.66796875	24.6602249145508	-106.290382385254
"343"	2581358.2593	1130489.949	0	0	0	10750.912109375	801.398620605469	25859.388671875	40.431453704834	-167.127517700195
"344"	2579999.3522	1128698.7445	0	0	0	8108.6650390625	1197.62414550781	18215.25390625	38.0489616394043	51.3487548828125
"345"	2579801.7829	1128598.803	0	0	0	7293.47509765625	1235.17626953125	18833.005859375	40.6434745788574	206.176742553711
"346"	2579500.0969	1128200.0153	0	0	0	6027.068359375	1159.46484375	25459.23828125	22.0984783172607	143.589706420898
"347"	2579400.5748	1128199.3354	0	0	0	6690.2431640625	1127.42260742188	24154.0625	24.7835674285889	143.429321289062
"348"	2579601.2736	1127992.7118	0	0	1	5961.36181640625	1169.88647460938	24942.22265625	43.8628120422363	134.751312255859
"349"	2579001.047	1127898.5211	0	0	0	6908.1650390625	1024.51831054688	26889.8671875	21.8881378173828	182.759735107422
"350"	2578900.3643	1127898.63	0	0	0	7154.1064453125	1127.97436523438	22143.060546875	32.1719818115234	230.78434753418
"351"	2578799.9836	1128300.2133	0	0	0	7911.1201171875	979.0947265625	25348.119140625	21.5062141418457	-76.2054748535156
"352"	2578798.6203	1128400.2294	0	0	1	8030.45263671875	950.592651367188	26030.427734375	19.69016456604	120.640747070312
"353"	2578800.7221	1128499.3144	0	0	0	8030.45263671875	950.592651367188	26030.427734375	19.69016456604	120.640747070312
"354"	2580100.2702	1130198.8045	0	1	1	20229.4453125	332.689422607422	26311.775390625	23.7863941192627	-147.599151611328
"355"	2572598.786	1117600.1951	0	0	0	11008.3896484375	627.774719238281	25834.40234375	21.9606304168701	-63.0749931335449
"356"	2572220.6507	1117491.1834	0	0	0	9840.6953125	720.440979003906	25374.337890625	20.557559967041	-110.487014770508
"357"	2582101.3044	1130489.6882	0	0	0	5525.24365234375	1174.95849609375	28085.794921875	30.3776302337646	169.472640991211
"358"	2582685.5452	1131029.324	0	0	0	6824.8046875	1245.65979003906	20430.1640625	38.0700454711914	3.68336486816406
"359"	2582797.5737	1131199.3219	0	0	0	6444.73046875	1180.962890625	23947.916015625	25.7825107574463	116.737854003906
"360"	2582898.7466	1131198.849	0	0	0	6444.73046875	1180.962890625	23947.916015625	25.7825107574463	116.737854003906
"361"	2582881.9604	1131370.8355	0	0	0	7277.6162109375	1172.72058105469	21618.603515625	35.855281829834	88.8226699829102
"362"	2582996.4054	1131788.2215	0	0	0	6599.921875	1253.03564453125	20380.716796875	45.4634323120117	178.67724609375
"363"	2582708.5617	1132001.5217	0	0	0	9554.873046875	918.498229980469	24565.431640625	40.0567779541016	63.8927726745605
"364"	2582973.977	1130998.2658	0	0	0	5951.25244140625	1196.4384765625	25168.3828125	19.3908176422119	83.3905334472656
"365"	2582774.8205	1130479.0744	0	0	0	5579.23583984375	1168.41284179688	28048.541015625	20.1913433074951	92.0546112060547
"366"	2581601.9932	1136002.504	0	0	0	12951.3125	576.948547363281	27503.181640625	20.1725406646729	90.3163375854492
"367"	2581175.2985	1136033.1499	0	0	0	12729.8115234375	495.761657714844	30034.021484375	17.0523166656494	65.7978897094727
"368"	2581097.8472	1136598.43849999	0	1	0	11887.0263671875	756.826599121094	24387.138671875	38.0532875061035	154.980087280273
"369"	2580398.8377	1136148.6501	0	0	0	10758.6689453125	758.196716308594	25916.755859375	26.2137145996094	205.783111572266
"370"	2580595.3533	1133306.8229	0	0	0	21116.103515625	149.763153076172	30064.994140625	16.7946491241455	-99.2029571533203
"371"	2564477.7047	1142335.6067	0	0	1	13867.765625	739.081420898438	27445.888671875	37.8831100463867	230.186492919922
"372"	2564400.8667	1142099.3393	0	0	1	13867.765625	739.081420898438	27445.888671875	37.8831100463867	230.186492919922
"373"	2565990.2392	1142203.1215	0	0	0	17675.294921875	315.649963378906	29801.34375	27.6972389221191	-12.1025056838989
"374"	2578797.4674	1132071.344	0	0	0	24386.078125	160.187835693359	27289.177734375	5.95065546035767	-126.151924133301
"375"	2569300.4096	1141800.8567	0	0	1	23720.171875	207.893341064453	23226.537109375	34.9511871337891	-143.647750854492
"376"	2568802.3254	1142301.0869	0	1	0	24161.40234375	2.38877487182617	27924.552734375	23.3587341308594	-145.453048706055
"377"	2568124.5716	1143348.0697	0	0	0	25190.708984375	149.612091064453	24832.0703125	18.7851257324219	-167.35661315918
"378"	2567681.0093	1143735.7547	0	0	0	23567.126953125	449.501922607422	19974.734375	32.2930946350098	-92.4395446777344
"379"	2567801.3824	1142493.3521	0	0	0	21422.357421875	186.80290222168	26929.857421875	19.0285186767578	51.6592330932617
"380"	2568100.0327	1142094.3987	0	0	0	22754.662109375	266.115173339844	23876.845703125	25.9655704498291	-121.743659973145
"381"	2570071.4297	1142092.2629	0	0	0	21039.060546875	-6.68244028091431	29191.341796875	27.6913509368896	-45.5925445556641
"382"	2555899.1098	1148997.8677	0	0	0	30065.865234375	-119.391677856445	29766.28125	5.57222890853882	38.815055847168
"383"	2556686.0196	1150641.38180001	0	0	0	26949.958984375	77.284309387207	29352.080078125	8.59301471710205	94.7840728759766
"384"	2558221.5267	1151778.2608	0	0	0	28695.001953125	-44.4848861694336	29390.271484375	9.12462902069092	11.6285629272461
"385"	2556700.1216	1149124.5994	0	1	0	31082.171875	-172.259857177734	29566.810546875	22.403169631958	-15.3785543441772
"386"	2555805.3118	1146494.7227	0	0	0	34639.85546875	-308.61865234375	29569.931640625	6.03402328491211	12.7056865692139
"387"	2556699.1174	1145396.5285	0	0	0	35224.02734375	-307.412017822266	29474.943359375	7.26122379302979	7.22092056274414
"388"	2556074.2968	1145995.4482	0	0	0	35314.70703125	-339.920379638672	29772.6328125	7.45843744277954	-2.58696103096008
"389"	2556094.8727	1147395.0581	0	1	0	33611.60546875	-253.059036254883	29234.05859375	11.4170808792114	-3.86162233352661
"390"	2556499.7096	1147400.9169	0	0	0	32661.181640625	-181.531661987305	29041.796875	8.68479156494141	21.0992126464844
"391"	2556973.1594	1147972.837	0	0	0	32768.5859375	-163.980239868164	28339.388671875	5.49909830093384	-16.2482490539551
"392"	2557398.3109	1148598.5648	0	0	0	32221.5546875	-175.720809936523	28877.60546875	9.14128971099854	-51.2196578979492
"393"	2557699.1148	1149447.0383	0	0	0	31699.728515625	-84.2306747436523	27377.794921875	16.1827049255371	-64.6059722900391
"394"	2557747.0447	1149726.9504	0	0	0	30635.333984375	-82.7560119628906	28432.97265625	16.0515213012695	-42.1860694885254
"395"	2558977.7444	1150775.0789	0	0	0	28739.189453125	5.21822929382324	28374.541015625	7.02110862731934	-21.8824481964111
"396"	2559274.0247	1151123.512	0	0	0	28908.90234375	174.213897705078	24522.552734375	19.5230522155762	-48.5277900695801
"397"	2558697.3156	1151448.2018	0	0	0	29944.294921875	-75.0691909790039	28322.9140625	20.8384532928467	-25.0647945404053
"398"	2558229.8954	1148295.7298	0	0	0	29763.314453125	-35.8438987731934	28849.48828125	6.2441086769104	-24.2556190490723
"399"	2559405.5924	1146676.1998	0	0	0	26497.533203125	72.7229385375977	30478.017578125	18.2646217346191	68.4124526977539
"400"	2559037.4232	1146685.2114	0	0	0	26891.267578125	110.539199829102	29459.072265625	18.5508613586426	73.9671401977539
"401"	2559758.8659	1145947.2904	0	1	0	29450.591796875	-83.9373779296875	30112.5703125	24.9669971466064	-60.2429733276367
"402"	2559297.8283	1146097.15059999	0	0	0	28712.373046875	-46.2662620544434	30308.75	16.5331745147705	8.58652973175049
"403"	2560410.9782	1145331.7953	0	0	0	26581.361328125	352.079284667969	24539.763671875	25.2872676849365	61.9603042602539
"404"	2561475.0031	1144724.8773	0	1	0	24770.09375	154.403671264648	30003.552734375	27.4348926544189	121.868301391602
"405"	2562009.0181	1145235.7971	0	1	0	24723.048828125	195.981689453125	28790.611328125	29.2196083068848	-48.696849822998
"406"	2561648.8825	1144250.1948	0	0	0	28088.03515625	-20.8755970001221	29944.224609375	22.9058399200439	-20.9391746520996
"407"	2560736.6895	1143526.9215	0	0	0	31000.150390625	-117.207138061523	29596.599609375	18.3526287078857	-31.1814918518066
"408"	2561242.9326	1143270.2021	0	1	0	29686.12109375	289.651702880859	22561.017578125	28.0971736907959	-26.7875995635986
"409"	2560900.2923	1142298.1673	0	0	0	30617.849609375	-80.7387542724609	29407.724609375	30.0119190216064	62.3788261413574
"410"	2561028.657	1142571.8243	0	1	0	27941.26171875	123.871719360352	27847.826171875	28.3113670349121	135.834518432617
"411"	2560975.5448	1142846.8162	0	0	0	31487.583984375	237.00439453125	22379.5625	32.4415245056152	-33.3300971984863
"412"	2561075.353	1142223.4738	0	0	0	29039.806640625	4.56243276596069	29119.921875	28.8693599700928	100.141067504883
"413"	2561304.774	1142599.7123	0	0	0	26971.39453125	378.816711425781	23480.44140625	29.7112808227539	102.801170349121
